3275.27463319
3388.35869319
3544.45980319
3672.55476319
3819.62317319
3932.70723319
3989.72869319
4102.81275319
4189.84478319
4260.88189319
4389.92448319
4503.00854319
4604.05622319
4760.15733319
4875.18427319
4978.19346319
5125.26187319
5253.32045319
5390.37936319
5518.43794319
5632.48087319
5689.50233319
5792.51152319
5893.55920319
6021.61778319
6134.70184319
6205.73895319
6318.82301319
6421.83220319
6522.87988319
6669.94829319
6807.00720319
6904.05996319
7003.12837319
7140.18728319
7303.25061319
7400.30337319
7586.38268319
7643.40414319
7714.44125319
7870.54236319
8007.60127319
8094.63330319
8165.67041319
8293.72899319
8430.78790319
8501.82501319
8664.88834319
8792.94692319
8930.00583319
8987.02729319
9074.05932319
9203.10191319
9350.17032319
9464.21325319
9579.24019319
9726.30860319
9829.31779319
9926.37055319
10041.3974932
10138.4502532
10301.5135832
10416.5405232
10515.6089332
10701.6882432
10772.7253532
10829.7468132
10916.7788432
11102.8581532
11189.8901832
11320.9306732
11377.9521332
11564.0314432
11711.0998532
11808.1526132
11971.2159432
12127.3170532
12290.3803832
12377.4124132
12524.4808232
12652.5757832
12838.6550932
13024.7344032
13210.8137132
13339.8563032
13453.8992332
13556.9084232
13669.9924832
13798.0510632
13961.1143932
14090.1569832
14187.2097432
