11662.1052196
634.470774781
735.518454781
797.534104781
806.555564781
910.618164781
919.639624781
1006.67165478
1096.69747478
1119.75571478
1210.74040478
1233.79864478
1332.86705478
1373.80373478
1429.91981478
1472.87214478
1558.96240478
1585.95620478
1700.98314478
1715.06351478
1803.99233478
1846.10400478
1917.14111478
1932.05091478
2063.09140478
2073.24222478
2249.17071478
2259.32153478
2336.20274478
2360.36921478
2417.39067478
2423.23477478
2564.45908478
2609.31408478
2665.50676478
2737.40904478
2794.54935478
2836.47745478
2865.58646478
2907.51456478
2952.61849478
3035.57314478
3089.67740478
3163.66810478
3190.72508478
3294.70859478
3303.80914478
3422.80355478
3489.88845478
3535.88761478
3617.94703478
3648.97167478
3746.00561478
3778.01426478
3860.04854478
3865.04629478
4002.10520478
4007.11695478
4105.11439478
4110.12614478
4219.15732478
4224.16907478
4334.18426478
4353.21166478
4454.25934478
4497.24759478
4582.35430478
4610.33165478
4667.35311478
4710.44926478
4795.44807478
4847.50817478
4923.54303478
4975.60313478
5051.63799478
5131.70424478
5150.70640478
5221.74351478
5278.77265478
5349.83847478
5379.82033478
5478.88106478
5516.87924478
5606.93964478
5613.93200478
5721.96658478
5727.01606478
5784.03752478
5878.06769478
5935.08915478
5940.13863478
6048.17321478
6055.16557478
6145.22597478
6183.22415478
6282.28488478
6312.26674478
6383.33256478
6440.36170478
6511.39881478
6530.40097478
6610.46722478
6686.50208478
6738.56218478
6814.59704478
6866.65714478
6951.65595478
6994.75210478
7051.77356478
7079.75091478
7164.85762478
7207.84587478
7308.89355478
7327.92095478
7437.93614478
7442.94789478
7551.97907478
7556.99082478
7654.98826478
7660.00001478
7797.05892478
7802.05667478
7884.09095478
7916.09960478
8013.13354478
8044.15818478
8126.21760478
8172.21676478
8239.30166478
8358.29607478
8367.39662478
8471.38013478
8498.43711478
8572.42781478
8626.53207478
8709.48672478
8754.59065478
8796.51875478
8825.62776478
8867.55586478
8924.69617478
8996.59845478
9052.79113478
9097.64613478
9238.87044478
9244.71454478
9301.73600478
9325.90247478
9402.78368478
9412.93450478
9588.86299478
9599.01381478
9730.05430478
9744.96410478
9816.00121478
9858.11288478
9947.04170478
9961.12207478
10076.1490148
10103.1428148
10189.2330748
10232.1854048
10288.3014848
10329.2381648
10428.3065748
10451.3648148
10542.3495048
10565.4077448
10655.4335648
10742.4655948
10751.4870548
10855.5496548
10864.5711148
10926.5867648
11027.6344448
