4071.66405503
4220.77028886
4227.76516503
4355.82374503
4483.88232503
4611.94090503
4629.67660371
4712.98858503
4718.46978324
4734.83158352
4847.73273728
4869.08969503
4913.29613584
5000.13018503
5113.21424503
5226.29830503
5339.38236503
5495.48347503
5624.52606503
5739.55300503
5912.51215236
5925.63231503
6053.69089503
6124.72800503
6237.81206503
6272.25659496
6400.87539503
6447.41302397
6457.89685503
6528.93397503
6570.98091503
6642.01803503
6708.03982503
6743.70614148
6779.07693503
6789.08644503
6880.12461503
6915.88451939
6917.18140503
6971.23714502
6995.15155503
7030.26546503
7052.17301503
7167.32437503
7183.21350503
7276.33293227
7296.29756503
7330.38770503
7411.32450503
7445.41464503
7524.40856503
7631.49395503
7652.05428338
7653.45115503
7705.22687118
7745.53688503
7781.54611503
7838.56757503
7860.56382503
7941.57676503
7973.64788503
7987.0819825
8072.61725503
8101.70646503
8209.67616503
8255.95367255
8294.82418705
8322.76022503
8340.94995932
8450.85518503
8472.19519326
8494.37061098
8519.20098751
8606.95629503
8704.00905503
8780.81738249
8832.10401503
9018.18332503
9050.07049223
9174.28443503
9194.07339294
9288.32736503
