110111111111111111111111111111111111111111111111111111111111111111011111111111111111111111111111111
000000000000000000000100000000000000000000000000000000000000000000000000000000000000000000000000001
010000000000000000000000000000000000000000000000000001000000000000000000000000000000000000000000000
111110011110111111111111111111011111111111111111111111111111111111110111111111111111111111111111111
000010010100000000000000000000001000010000000000000000000000001001000001000000000001100100110100000
000000000000001010010100000000000000000010000000000100101100000000000000011010000000001000000010101
000000000000001010000100000000000000000010000000000100100000000000000000011000000000001000000010101
111111111111111111111111111111111111111111111111111011111111111111111111111111111111111111111111011
111101101011111111111111111111110111101111111111111101111110110110111110011111011110011011001011111
000000000000000000001001000100000000000001001000011000000000010000000000000000000000000000000000010
111111111111111111110111111111111111111110110111111111111111111111111111111111111111111111111111111
100000100010011000011010000010101101000011000100010001010011000011110110000011010101011010110110110
111111111111111111111111111111111111111111111111111111101111111111111111111111101111111111111111111
001000000000000001101011101110010010000101001100111000010010110000110010000100010110000000000001010
000000001010011010010100010000000000000010000011000100101100000010000000011010001000011000000010101
111111111111111110111111111101111111111111111111111111111101011111111111111111111101111111111111111
111111110101100101101011111111111111111101111110111011010011111101111111100101111111110111111101010
111111111110111111111111111111111111111111111111111111111111111111110111111111111111111111111111111
000000000000000000000001000100000000000000000000011000000000010000000000000000000000000000000000010
000010010100000000000000000000001000010000000000000000000000001001000001100000000001100100110100000
111101101111111111111111111111110111101111111111111111111111111111111111111111111110011111001111111
000001100001000100000000000000100000000000000000000000000000000000001000000000000000000001000000000
000000001010011010010100010000000000000010000011000100101100000010000000011011001000011000000010101
010000000000000000000000000000000101000000010000000001000000000000000000000000000000000010001000000
001000000000000000101001000100000000000101001000011000010000010000100010000000010000000000000000010
001000000000000000101001000100000000000001001000011000000000010000100000000000000000000000000000010
011001100001100101101011101111110111101101011100111001010010110100111010000100010110000011001001010
000000000000000000000000010000000000000000000000000000000000000000000000000000001000010000000000000
111111110101111111111111111111111111111111111110111111111111111111111111111111111111111111111111111
000000000000000000000000000000000000000000000000000000000000000000000000001000000000000000000010000
000000000000000001000000000010000000000000000000000000000000000000000000000000000010000000000000000
111111111111111111111111111011111111111111111111110111111111101111111111111111111111111111111111101
000000000000000000000000001000000000000000000000100000000000000000000000000000000100000000000000000
000000000000000000000000000000000000000000000000000000001000000000000000000010000000000000000000000
001000000000000001101011101110010010000101001100111000010010110100110010000100010110000000000001010
111101111111111111111111111111110111111111111111111111111111111111111111111111111111111111101111111
110111111111111110010100010001101101011010110011000111101101001011001101111011101001111111111110101
110111111111111111010110111011111111111010110011100111101111101111011101111111101111111111111111101
111101101111111111111111111111110111111111111111111111111111111111111111111111111111011111001111111
001000000000000001101011101110010010000101001100111000010010110000110010000100010110000000000000010
111111111111111111111111111011111111111111111111100111111111101111111111111111111111111111111111101
000000000000000000000000000000000000000100000000000000000000000000000010000000000000000000000000000
000010000000000000000000000000001000000000000000000000000000000000000000000000000000100000110000000
100100000000000000000000000000000000000000100000000000000000000000000000000000000000000000000000000
000010010000000000000000000000001000010000000000000000000000001000000001000000000001100000110100000
110111111111111111110110111011111111111110110111100111111111101111011111111111111111111111111111101
001000000000000001101011100110000010000101001100011000010010110000110010000100010010000000000000010
001000000000000000101001000100000000000101001100011000010000010000100010000100010000000000000000010
000000000000000000000000010000000000000000000000000000000000000000000000000000001000000000000000000
111111111111111101111111111111111111111111111111111111111111111111111111111111111111110111111111111
111111111111111101111111111111111111111111111111111111111111111111111111101111111111110111111111111
000000000000000000000000000000000000000000000000000010000001000000000000000000000000000000000000000
000000000000000000000000000000000000000001001000000000000000000000000000000000000000000000000000000
001000000000000001101011100110010010000101001100011000010010110000110010000100010010000000000000010
001000000000000000101001100100000000000101001100011000010000010000110010000100010000000000000000010
111111111111101111111111111111111111111111111111111111111111111101111111111111111111111111111111111
111110111110111111111111111111111111111111111111111111111111111111110111111111111111111111111111111
110111111111111110010100011001111111111010110011100111101101001111001101111011101101111111111111101
111101111111111111111111111111110111111111111111111111111111111111111111111111111111111111111111111
000001100001100100000000000000100000000000000000000000000000000000001000000000000000000001000000000
111110011110111111111111111111111111111111111111111111111111111111110111111111111111111111111111111
111111111111111110111111111101111111111111111111111111111111011111111111111111111101111111111111111
111101111111111111111111111111110111111111111111111111111111111111111111111111111111011111101111111
111111111111110101111111111111111111111111111111111011011111111111111111100111111111110111111101011
111111111111111111111111101111111111111111111101111111111111111111111111111111110111101111111111111
111111111111110111111111111111111111111111111111111011011111111111111111111111111111111111111111011
011111111111111111111111111111111111111111011111111111111111111111111111111111111111111111111111111
000000000000000000000000000100000000000000000000001000000000000000000000000000000000000000000000000
000001100001000000000000000000100000000000000000000000000000000000001000000000000000000001000000000
010000000000000000000000000001000101000000010000000001000000000000000000000000000000000010001000000
111111111101111111111111111111111111111111111110111111111111111111111111111111111111111111111111111
111111111111111111111111111111111111111111111111111111111111101111111111111111111111111111111111101
111101101011111111111111111111110111101111111111111101111110110110111010011111011110011011001011111
101111111111111111111111111111111110111111111111111110111111111111111111111111111111111101111111111
111111111111111111111111111111111111111111111111111011011111111111111111111111111111111111111111011
101111111111111111111111111111111010111111111111111110111111111111111111111111111111111101111111111
111111111111111111111111111111111111111111111111111111111111110111111110111111111111111111111011111
101111111111111111111111111111111010111111111111111110111111111111111111111111111111111101110111111
000000000000011010010100000000000000000010000000000100101100000010000000011010000000001000000010101
111111111111111111111111111111111111111111111111111111111111111111111110111111111111111111111011111
111101100001100101101011101111110111101101111100111001010010110100111010000100010110000011001001010
110111111111111111010110111011111111111010110111100111111111101111011101111111111111111111111111101
000000000000000000000000100000000000000000000000000000000000000000010000000000000000000000000000000
111111111111110101101011111111111111111101111111111011011011111111111111100111111111110111111101010
000000000000000000000000000000000000000000000000100000000000000000000000000000000100000000000000000
011001100001100101101011101111110111100101011100111001010010110100111010000100010110000011001001010
101111111111111111111111111111111111111111111111111110111111111111111111111111111111111101111111111
111111111111111111111111111111111111101111111111111111111111111111111111111111111110111111111111111
111111111111110101111011111111111111111111111111111011011111111111111111100111111111110111111101010
000000000000000001000000000000000000000000000000000000000000000000000000000000000010000000000000000
000000000000000000000000000000000000000000000000000010000001000000000000000000100000000000000000000
111101101111111111111111111111110111101111111111111111111111110110111110111111111110011011001011111
110110011110011010010100010001001101011010110011000111101101001011000101111011101001111110111110101
111111111111111101111111111111111111111111111111111111111111111111111111100111111111110111111101111
111111111111111110111101111101111111111111111111111111111101011111111111111111111101111111111111111
111101101111111111111111111111110111101111111111111111111111110110111110111111111110011111001011111
000000000000000000010000000000000000000000000000000000000100000000000000000000000000000000000000000
