801
352 216
140 62
151 301
582 774
273 60
14 463
153 111
251 461
120 565
77 115
663 781
65 350
133 314
424 551
23 137
90 534
257 76
669 490
471 126
69 65
293 358
71 21
37 194
265 508
350 359
671 727
579 600
34 498
486 255
398 377
749 57
735 319
537 464
547 407
31 216
355 145
164 360
305 66
259 122
697 499
217 316
436 18
49 323
30 60
57 95
324 256
33 245
329 458
510 518
74 42
69 172
10 21
144 66
441 403
233 540
1 8
738 703
786 540
731 427
366 79
136 33
620 1
499 189
179 720
73 261
163 626
2 38
536 767
544 2
70 325
21 374
438 722
588 667
412 17
741 688
74 105
166 290
143 513
73 52
163 704
319 598
394 96
671 359
51 92
257 356
26 262
296 457
390 515
147 24
80 122
27 181
23 27
32 108
747 579
47 656
220 182
396 406
164 121
12 96
667 744
394 627
71 689
178 336
655 764
158 183
3 13
8 364
246 302
29 133
152 590
333 510
385 269
5 484
319 144
309 43
44 382
233 221
167 649
373 324
315 475
271 478
552 736
663 291
123 67
420 274
214 684
35 195
429 209
68 51
552 308
117 2
696 773
36 19
221 353
100 106
631 204
98 307
74 692
318 329
86 634
214 289
100 240
498 595
50 66
234 207
495 632
569 416
545 292
730 191
54 179
416 320
563 633
200 55
640 59
196 45
483 482
384 319
217 10
207 408
410 95
272 40
56 393
131 247
763 356
146 191
252 65
2 150
41 278
510 635
61 9
427 77
386 42
469 282
35 32
90 682
664 558
83 125
216 477
124 725
23 673
479 199
255 423
224 381
263 337
214 276
15 82
347 208
98 295
521 170
438 790
186 16
676 412
362 43
73 160
18 48
60 415
775 655
26 75
214 230
440 208
28 141
244 21
705 579
15 232
726 375
211 183
280 378
224 334
357 93
168 101
79 332
15 93
114 174
588 195
238 140
509 549
682 693
298 526
90 89
102 212
37 16
67 698
575 283
155 81
162 145
54 64
407 147
428 26
88 197
56 218
798 757
388 200
228 83
710 203
643 484
79 74
8 26
112 256
1 193
520 319
65 52
291 8
4 45
10 99
90 541
623 345
482 135
32 214
143 33
402 742
11 9
493 384
371 325
265 169
16 566
666 472
424 23
84 100
444 696
448 86
113 50
20 1
76 157
505 197
716 621
49 142
614 637
175 450
9 22
431 180
314 751
52 149
2 12
351 455
90 185
62 178
246 251
63 464
303 583
7 3
559 334
29 7
323 488
6 5
45 293
38 311
16 146
423 574
487 454
11 18
39 37
16 19
321 126
789 520
191 286
176 123
87 89
578 662
145 138
161 88
17 81
755 551
28 660
787 676
317 250
126 67
578 264
129 239
185 189
546 516
707 667
800 714
433 52
368 287
661 678
115 383
219 184
1 4
477 680
215 437
240 279
452 275
445 157
743 748
10 110
418 234
15 42
57 11
116 263
419 253
14 8
157 198
262 288
449 145
23 20
723 284
243 152
717 565
425 665
221 223
585 42
98 2
206 339
323 346
568 215
196 453
80 56
188 162
14 103
724 248
37 46
73 648
490 343
92 114
586 594
224 2
71 711
390 182
187 110
639 333
312 150
167 209
134 175
13 78
629 381
500 146
641 110
140 241
795 434
416 460
444 229
156 503
597 392
28 13
647 181
5 2
524 238
203 225
164 501
478 701
303 473
454 356
131 202
463 652
618 212
556 442
328 25
11 169
122 173
51 351
306 533
321 706
766 112
77 104
85 21
189 296
141 349
277 616
608 27
41 392
5 15
320 147
320 514
451 516
562 691
413 243
494 301
38 52
580 101
255 376
674 401
158 166
638 548
571 517
121 72
187 255
311 361
158 69
224 250
55 16
105 190
543 204
94 81
619 48
98 438
551 603
572 439
320 322
67 148
658 225
14 116
612 356
520 644
49 7
333 177
86 35
147 387
539 709
497 130
779 381
259 606
132 82
66 625
5 10
56 304
605 777
384 532
130 127
53 44
242 148
414 734
128 23
512 771
344 287
129 165
687 570
733 55
72 64
424 757
74 102
246 207
43 70
592 239
235 292
4 354
280 375
492 349
97 657
638 688
143 318
605 558
715 605
255 331
101 71
796 754
770 41
400 772
474 267
345 55
414 162
756 551
147 519
35 112
24 10
77 284
679 405
630 602
281 721
110 180
546 718
24 281
79 163
389 157
39 446
391 258
400 196
768 667
636 251
87 167
156 628
82 271
66 421
40 34
235 99
425 9
135 577
61 308
417 65
299 476
362 554
1 2
299 7
607 108
17 50
596 288
247 280
246 740
545 548
303 218
91 34
61 509
67 134
27 87
366 762
236 530
728 276
52 258
379 426
582 235
602 220
384 404
117 379
285 34
226 121
599 22
215 171
695 630
150 531
199 221
536 486
62 59
19 31
621 407
411 26
459 12
189 759
96 97
127 34
335 177
298 801
125 205
294 257
204 180
554 668
127 650
49 330
468 208
74 264
403 212
593 60
550 103
145 732
561 298
460 527
231 83
587 523
104 201
39 41
472 21
456 38
107 41
397 231
367 61
35 562
783 632
522 132
671 714
573 20
699 784
184 106
35 248
131 3
297 121
780 178
381 604
63 506
792 232
76 254
648 686
702 291
729 407
120 67
654 638
535 179
534 712
396 379
41 139
47 685
584 136
622 241
319 581
222 13
121 129
307 369
745 742
614 96
496 326
88 21
160 683
221 481
3 16
19 44
253 372
485 70
60 467
519 617
208 95
489 538
253 163
560 655
560 148
38 651
267 139
589 577
39 56
349 653
788 599
385 708
641 791
11 67
9 529
507 252
146 182
176 570
268 47
303 611
402 198
327 217
18 341
29 282
106 315
4 33
377 442
142 270
782 579
135 17
499 511
156 137
300 34
618 659
89 434
74 470
765 163
81 111
23 365
6 9
421 645
128 170
739 171
171 277
18 30
6 422
195 199
22 47
776 545
192 52
177 33
451 15
65 754
331 646
743 737
435 296
338 42
750 313
82 760
501 713
228 558
462 330
298 141
363 362
68 340
579 380
401 267
601 244
563 378
418 700
567 4
554 737
719 394
699 246
72 210
613 221
336 694
9 25
144 260
162 237
576 82
411 586
83 405
266 42
681 405
