1000 50
692778 30887 289384
238336 47794 636916
516650 60493 885387
490028 2363 641422
897764 20060 368691
383427 80541 513927
5212 55737 89173
956430 2568 595369
722863 21531 465783
703136 74068 665124
634023 79803 513930
898168 33070 723059
175012 18457 961394
377374 76230 478043
413785 44920 484422
594325 75199 898538
566414 64371 798316
268981 76092 803527
806863 41874 759957
497282 6997 999171
477085 20926 702306
126506 60337 336328
661314 21730 750847
353896 16125 925858
898815 546 819583
990365 15435 233368
171088 13751 344044
947179 17277 426809
705404 93585 695789
612400 92755 502652
549677 95061 999933
210013 47740 993369
348095 98587 636227
480571 40796 297540
97468 60379 651435
612903 10098 66602
926653 70493 573318
560281 97302 260757
953866 9442 724287
346620 28445 429690
958032 44730 558441
905772 38098 108118
120710 90676 834482
777857 4568 698928
254587 72354 179498
964684 55307 276966
51529 28625 406220
48830 5733 332872
258271 30020 409504
486716 59709 363369
747797 18150 226341
2246 42619 700724
892922 93452 122847
597489 92380 243556
469842 88229 537765
441501 65194 792351
470125 87765 757035
275857 36988 324915
322228 46492 373744
281937 9860 148366
316438 52552 151433
975408 53276 899229
468859 76122 901475
661238 36030 794396
65819 73794 908236
231012 66144 894429
318777 39530 335929
255764 64444 322405
118607 54539 114614
344819 2905 436841
797370 70689 235129
466997 69918 67918
259471 87744 43325
295500 98491 512184
385645 6726 689773
268140 17506 755591
907670 69787 502955
388465 8543 338083
759356 39508 110198
278612 76349 228805
949300 27829 573623
35569 95747 887344
23312 55423 354341
321802 67606 613811
44879 73731 425662
178737 29321 811306
648523 48627 79445
473417 86709 503466
412925 13259 408283
305625 42063 167638
433453 32037 962601
145551 19380 911900
900974 90072 947469
684931 3882 487132
158661 45895 808934
387982 57200 370164
152960 52997 548900
739669 72814 713774
952927 81096 187191
911341 65085 116467
443377 27685 422091
379108 55937 855543
669180 19757 517446
89413 6888 418419
451660 32173 103349
625211 2337 262010
878207 67588 166343
667373 97714 319302
864820 1256 575322
229905 17722 44600
73941 39812 955940
346229 11706 915668
565985 29151 811128
789225 63921 996659
821397 67270 602423
740085 45631 54082
207673 11973 679293
905386 47626 73851
306641 39300 741223
340714 83899 606043
280525 56191 352299
108582 88210 942591
937733 99337 288820
218005 95995 371156
85274 14770 160380
247256 68851 981777
575580 48143 721861
223206 21994 445885
962505 79568 867622
262755 1962 690614
518945 54260 31327
723507 13203 828203
222843 2022 936785
235190 89529 390869
849959 49909 608873
518809 48037 210499
383304 86249 457754
321649 32134 33334
517568 99755 772891
319530 90369 251747
473789 38047 514501
86991 66250 549798
505364 3034 273304
294893 10254 12498
761153 19126 247687
209189 45976 613997
895437 3730 649158
543922 53415 32461
60029 26305 870461
266749 78051 388028
504795 8903 707557
571044 58700 697698
90429 32003 301040
682 44501 806404
36160 8539 617648
282135 22536 895152
502216 71693 104340
755630 20505 516128
298286 90965 60050
576336 95344 636430
885239 2901 903178
260290 16950 407972
392293 17989 495368
53145 40744 585796
961683 58391 102830
570 53542 655341
172262 74233 453827
409118 90361 956043
82 66762 228024
495426 3191 526310
214678 6368 618997
631627 30691 504235
349615 26058 764525
390359 28206 673169
565101 47387 726313
634995 2727 204347
325579 56553 204917
532291 28947 893530
799052 56971 302648
218594 99632 819081
541313 18628 830858
788356 39215 561887
14413 20091 193513
858970 9611 59480
806356 52275 966190
925434 56621 47642
498339 77889 198988
27285 87771 524567
300607 90418 56857
100238 25850 372261
35218 73060 107206
990784 34946 648519
710874 28459 436874
620484 4290 967638
772758 70479 826608
645730 34472 149315
723619 33460 591101
211389 58026 89439
518158 31234 633075
160359 3494 933682
633418 10700 550271
668364 75570 101840
413174 28795 92623
217463 96432 319848
504293 39391 456683
355116 5058 745792
888575 96158 391522
462952 1948 631492
610538 35022 359232
614031 85055 393741
241082 35326 554099
33003 53517 187517
261797 46140 372232
974581 82339 785405
513971 39022 519219
235380 84813 539863
31537 92686 894978
433484 24177 299905
984858 99760 279208
469912 93500 889745
505237 63951 20128
675106 67819 777561
421245 40050 810564
519935 41806 588712
558956 77376 563292
343769 33590 593615
552806 44919 828994
876983 44823 376883
593094 24031 326718
186594 30127 311575
850544 50254 781487
734714 27815 803075
474763 38378 478180
32920 27089 415776
110295 6733 935711
760236 347 11018
305154 45692 871138
666329 22574 423944
306711 49292 300926
836837 77218 894019
387091 75056 596964
714905 78131 963859
369634 72662 698572
613074 4790 689686
419806 56852 722605
336504 67869 349251
82196 39007 109486
721121 62950 414640
686764 80227 80968
963982 90597 387678
539037 87561 740866
433519 67771 127956
322533 66343 359212
627322 72380 245197
384173 94985 858271
152041 44235 794428
307399 70073 647284
370348 1064 245831
250574 82031 966951
57523 86060 653715
945083 26925 134048
829205 71233 189436
411899 30444 622955
684279 75641 945487
679263 50263 89160
539849 61042 989684
26273 8325 141724
927336 54155 449123
909366 37458 335822
311777 91172 102748
938702 25219 160270
209934 14654 621704
356729 53960 450908
748721 15798 862807
515335 21309 547085
76377 10992 742699
801053 52716 798899
771560 18190 825172
709017 54011 752507
816540 73110 178225
58110 33379 490001
489115 55082 945054
59427 5990 671339
575224 85148 28068
696533 32232 776788
323876 91282 292123
576591 90180 884851
311132 15351 202255
381495 67858 973814
554604 46082 199182
887983 52434 15721
359416 97488 590182
765405 68826 79297
550552 96893 138723
399135 90033 230298
990416 98507 443182
380596 99709 767058
112298 1963 860000
80155 75777 687484
742588 91310 68978
895022 23383 139933
508861 13564 544267
277686 9212 903683
590931 64286 669087
197315 94584 735991
95821 54117 651477
395529 37526 641893
897491 97526 538840
889619 1361 651137
80929 70338 247644
804311 26622 506583
634226 70889 917956
543438 74571 426816
107723 60009 220854
418658 12351 811784
689127 63828 9098
726652 22072 621270
140529 60911 533150
241889 28399 430640
928578 92394 836611
755200 98977 433891
126088 16932 754553
400658 60100 388778
377018 80953 448567
89369 92736 72642
453196 18185 491299
975267 55806 696777
552529 88955 423429
297279 19594 80309
289673 72556 322198
305001 6446 250775
238284 60998 522326
598383 66128 648413
179335 14694 565422
88422 87335 942440
522958 94986 548160
578763 91762 1355
167717 31542 492973
703663 11851 561853
76218 50400 375483
399016 1174 665155
476365 39852 486507
942492 88264 724791
373538 70038 323173
360872 28829 18860
355857 76988 107281
563971 78342 146591
195512 87666 725353
907362 49518 893070
974113 41352 113084
291639 6507 189301
131490 9365 104668
136105 34155 581033
706142 73680 39876
734970 92539 413413
311957 16171 290637
406650 62761 162845
994315 4466 726815
660184 13887 922327
701536 26970 346040
924394 32622 320153
150110 37290 611791
584265 34674 259632
374296 74549 395736
666834 4314 101878
99356 94950 353199
678469 57794 665156
982934 961 588157
213172 23287 98824
40141 85678 275359
572762 22182 493246
210051 50324 933991
461076 9955 84101
235625 22043 668365
456290 23920 42660
451239 93470 225845
125384 74977 841552
526344 63134 520020
365982 61957 19305
68012 53667 232476
90193 46913 788968
756869 80903 361730
683175 65003 88132
5217 49719 549208
945488 92378 301184
238958 34574 757473
713934 76126 725063
293419 12497 366798
971727 48154 893142
925394 96981 775475
372306 85949 843486
269560 64030 450031
734563 52161 206899
384281 17720 406425
593011 18903 411642
27584 92727 873481
303709 34141 628790
132558 939 342724
980711 10432 152494
577691 85906 124221
963639 29392 49614
227668 79422 938271
96181 2672 207830
513900 9096 458744
749155 37089 843025
258233 10570 952387
492374 55711 979970
609664 98434 800031
620095 67280 932588
922352 91500 429650
551743 57465 7340
147516 12087 487331
950187 19916 231350
675635 95012 843882
812723 54388 874134
339644 6774 623288
495355 86743 881520
510140 3125 890245
677419 52064 16260
485270 81713 636354
342734 5405 558706
654820 92735 626800
691088 40436 774316
702451 670 240854
556838 74803 916488
363611 98090 245563
666705 95961 585206
769830 2558 596912
321893 18817 623404
303606 71523 300822
325362 46580 302444
834448 73379 161529
574883 64046 332701
675552 4900 23788
650354 21387 242590
764795 66949 799427
277108 68507 163037
679665 65418 346093
98481 88821 115922
186355 5995 954167
832934 8438 774124
106313 86318 99485
186710 19018 933932
991609 59157 25166
712996 1746 217070
196296 1172 867423
264802 80560 148570
446572 26653 425677
251744 58926 105341
874090 13092 720173
798879 3567 906528
885197 3051 255813
304214 53334 362125
263371 78500 65187
465116 95569 56795
982640 79343 286142
663199 44264 482438
206203 69940 263591
865129 91632 226514
994572 11805 478258
898139 34684 352347
417541 90496 151226
387227 68973 36422
865726 34159 340635
77646 90953 120357
673340 93447 585473
417604 75884 568112
587543 55826 747662
379175 82340 470217
407331 60597 335345
342014 29295 846268
48861 80520 260758
117833 33293 194651
251991 90280 581877
959296 10636 963954
952742 96108 41599
944977 80571 714938
200802 44585 132541
199493 14801 720084
676441 66497 615610
505736 12764 22940
2607 89874 881305
52252 84524 930165
442531 82752 564350
953166 46705 816340
565626 88303 291987
262548 19592 761080
707132 68485 222408
621932 4920 939562
388428 20529 139054
517544 59820 815495
423769 41124 837582
524644 87640 840188
207395 51989 892439
854099 84681 851321
58753 93019 804487
494696 54099 886464
63180 76506 149011
868099 16067 856143
804979 71473 994426
764798 86967 382854
122273 24548 416749
409913 81087 840517
261901 89878 365160
962933 41198 572554
955952 62036 943004
710050 48499 518108
202907 13862 529155
635326 70004 592335
206798 64429 976785
110116 63634 781764
851015 80382 546561
432101 20898 185186
938330 2409 595098
295880 91314 373350
457915 34317 852635
22766 68776 808586
736627 97931 34987
306630 6617 237893
387410 99753 389570
367396 81516 596367
247777 44429 222834
485027 29614 73848
603787 41063 22301
295101 30764 960630
929417 83398 256509
114545 91983 230776
828827 43321 253541
651795 97566 506519
451547 87135 329500
33063 99854 716909
193843 22687 84304
539808 96535 848433
480870 18835 849811
827985 95816 453597
511383 52325 748697
519717 99452 194466
563038 69344 825362
360603 75862 654188
64089 5361 305982
363942 38621 273880
886629 22925 823294
483163 87709 17136
101997 53871 556943
197812 7467 554164
66488 72516 898501
682291 83333 926235
551634 8694 445951
927495 62881 525340
632855 85214 402294
571476 75445 466383
110752 98739 830324
14812 15874 716952
768682 89169 716466
492500 59684 334814
965015 74536 48978
148347 770 115465
673392 63073 314108
852624 88412 865741
337837 7058 309588
613282 73440 458794
228372 20115 546621
860597 53419 657372
49765 69884 188535
825801 4698 473568
500336 53675 966068
617458 85491 447434
180530 15950 112133
785293 81691 785524
792350 7630 638148
782141 66423 492336
602256 13044 621969
172026 86767 850340
458261 91654 710937
562958 65221 277053
232984 31288 619205
534827 78722 119541
667128 7206 736998
665170 92729 433879
972799 47228 219171
739222 39564 11521
568617 77884 793661
55383 28224 912268
247036 55512 84293
428609 32564 542554
59896 51769 621863
654969 87661 371199
362174 41010 422377
371255 74888 89504
18482 94058 754674
674397 21930 243824
952281 31943 983045
596856 44210 68013
952367 44855 639748
101282 3760 403135
869402 41974 831743
273414 13172 891639
414423 51900 62959
505662 57756 941485
816072 28781 829091
138001 72604 363924
769943 72001 38321
830505 40013 506953
975359 79760 103808
179118 82895 572526
521091 14637 190159
750615 22627 59561
918866 1938 332974
176621 43422 263749
705401 88864 769410
478005 52787 101833
266357 7459 239834
606369 14411 526128
586129 34570 356632
485375 23447 848342
700011 13606 27459
838990 73166 64902
40927 22491 331868
700700 86239 250733
189563 72001 943706
42349 73833 165458
449808 30018 643462
880570 72498 426170
415140 29129 32539
38586 77471 135019
368543 21281 620393
241708 2534 836755
480551 34401 675744
466789 1486 233022
255141 45191 933721
145326 10648 639635
791695 70462 681984
964192 96631 648143
493321 45521 45064
387143 80539 976555
308423 931 531493
327309 37686 900035
161709 29781 658095
279546 62803 138645
341088 96523 121785
51736 36158 376926
438549 34493 38603
251531 98987 830297
97052 44050 310841
77590 36957 320513
194873 68449 707655
632558 68483 532429
262338 26577 376089
125140 65221 537798
438015 87006 333695
390524 80283 674783
25016 35237 242870
340354 81885 681418
700755 92725 449300
37711 13237 546351
906159 37243 140293
674642 86024 335165
617570 62112 967722
182791 16261 746411
386148 49956 387903
482782 41090 825917
618018 83959 216440
99902 65376 757807
408979 14675 614512
38567 77378 315266
892162 17670 352977
794537 52834 259135
73000 36907 450128
889261 83317 67698
555568 87571 766840
413009 13487 152987
996967 46278 635768
778694 20436 770137
9720 34947 870038
787097 50213 795368
221118 19541 833935
473951 78675 726096
727209 28803 520632
210526 12852 593631
114448 79691 999243
327935 32677 71162
790564 84796 484170
527352 54932 481136
362298 41321 776181
28862 36689 785901
48402 86975 572997
843429 13070 794115
88583 50053 784417
401434 43683 511626
481124 59278 238503
230152 46791 352950
614947 30961 197236
286230 28448 987800
827550 4629 31503
680590 90529 393800
367564 79877 939014
296985 73991 503767
747037 74760 347195
307072 86385 435777
382701 41239 837210
529491 10540 834685
160451 7776 64836
305251 11927 679782
709879 43429 482363
416759 53580 826265
696635 8945 506854
286978 12712 390770
661737 76258 204106
64473 12035 951143
705711 65596 774566
216250 16633 157266
440377 81468 203108
652303 77602 363559
412083 59964 185161
82015 86228 895039
690959 9434 311797
803670 16555 8431
779928 20660 295408
708314 71802 473496
990261 62719 537968
106893 36336 760030
804713 39444 492632
182314 19354 933008
558629 4514 101663
244857 99552 30097
470642 27700 112111
87196 52482 803070
907855 47890 123091
196009 37737 419370
258727 75705 127683
511415 35734 634296
450858 28365 741188
270211 77725 62252
274724 95739 244565
690627 25835 803194
418326 37946 564402
670807 57367 551395
735048 80457 638590
272785 99827 62796
864841 43861 258804
700574 78156 33883
545291 35696 61649
839367 97947 512506
235105 58864 299068
177291 78409 573791
715236 59162 780769
572602 10556 199094
69411 49145 386252
985589 28292 637652
29449 3448 910436
223957 53682 775276
159652 15330 992201
673950 27835 53843
949165 26902 409561
27573 17044 644665
186734 97812 821956
413641 13257 53543
279137 15860 142497
207429 53511 728259
910876 80298 713847
164557 71925 743295
479886 64126 967251
824072 34320 643254
467325 43881 833556
684368 4897 782720
198531 43204 326645
911787 96747 29730
527646 55595 443371
297509 83853 238859
977806 97699 446287
949731 57345 873514
430208 40948 554422
480879 84201 550659
424759 34108 374730
46008 33180 842054
489211 76176 42773
502309 5905 241303
657903 65627 669441
58107 4486 197087
655805 67124 10947
29502 40638 988752
370449 11411 454834
871001 62070 401393
205109 53151 882272
838288 11557 823382
314463 54329 869389
336719 11984 874952
802346 81424 377260
23183 94862 551515
206658 5808 125973
747295 10912 298130
875058 65745 327631
37127 67138 698079
606629 65761 569079
18185 89142 774187
988866 74883 128826
200849 49834 959640
598624 43445 296359
193486 11311 615056
315645 37284 154590
426556 35413 361247
992301 63043 624894
475790 61121 499951
841550 46551 53429
547043 20738 660057
121925 65915 678242
88110 25555 183459
431555 38265 900659
359217 53320 499282
896500 24261 209119
248264 85507 524764
411306 10400 951319
788778 26702 459971
735329 80130 452112
972418 40187 810013
854684 34780 357056
180238 34590 478980
834854 35248 567090
104525 50881 514996
528785 60000 874212
830644 1115 770712
241043 68785 535327
184097 45108 946633
664226 97219 251762
320764 7232 503442
171895 64287 992211
722836 59618 846895
658083 43059 543484
125316 58054 378338
285315 48618 999214
2781 35681 527999
671565 71007 358642
833024 17639 116036
930243 85753 300132
353826 5546 480710
134464 97757 317825
394081 61003 6072
253492 4486 728907
111545 99175 386990
360162 98389 28657
895842 42739 313971
966849 1380 833103
500839 33767 21019
802943 50251 854043
608489 30960 784285
922597 65136 654462
83599 71207 788925
304436 114 699357
419963 3455 952848
534703 32111 580745
177441 62433 457258
695172 11887 869452
845290 32905 836300
295540 86947 853490
742851 87583 172785
507987 42044 781273
279193 47320 703869
295658 46677 303819
215464 15876 608254
163926 96620 28216
942710 53878 79270
554596 39681 256710
187501 92332 468233
674447 45821 313523
462030 34957 125414
420425 16229 868265
167745 36449 376251
130773 56619 171795
46648 64873 983805
59620 9440 199268
529849 88710 363194
869529 61771 822255
561860 46356 376851
624032 76230 564351
858989 1643 755149
391569 69907 217178
144370 62509 153955
200988 34304 321699
382212 18108 452471
108004 33727 15470
913065 13272 591441
491187 35527 121289
537542 12377 990817
930123 93079 69028
931766 48227 693060
318024 65405 68400
80533 19359 459968
531188 57409 120689
449295 26231 321677
599373 58052 220240
112645 49493 328243
964523 70781 241307
676899 77950 732494
469977 63329 786387
18203 56388 716510
299959 41139 164627
735669 17459 482650
9429 38147 563182
735659 76175 610721
510063 96415 60015
359555 24657 175740
330335 82316 804736
324636 31161 769258
387965 17547 962508
660704 34056 432484
1843 15034 967038
319301 97684 783349
757447 77217 35369
33622 87938 561150
46388 64304 813160
871044 40043 323222
969711 44778 682776
800871 30387 529463
418418 92894 854098
268825 41729 242062
283859 8767 419118
297894 8467 420960
875110 60187 740260
63047 21336 14058
343703 34496 564031
800097 57717 610418
544875 40493 997814
575261 86307 967524
84507 40404 768395
26235 98818 703164
451353 17935 488340
659819 38894 288550
420006 95505 586443
257693 25914 977905
392188 89945 557303
366257 362 901005
506749 14527 701102
693055 82051 762328
249810 66797 853940
48627 86312 938446
782913 91003 964681
938158 79553 416033
833662 82347 592204
775928 60251 528561
765872 17554 786253
882585 18558 178441
997112 36011 61049
595514 98338 84149
478662 52278 293555
581325 7075 543364
172327 71755 108343
51879 4140 891255
34226 96343 345765
510828 24903 695778
28381 11155 471705
963291 5947 237576
599301 66995 120161
513991 51143 633624
282620 44697 745489
989694 4413 224150
661449 12755 321826
265588 20361 494152
461930 66125 62383
703184 61903 612960
214338 33607 123787
936637 87535 152168
203631 24047 631810
71126 57670 231110
232174 3158 261452
936586 43659 544071
749340 65484 533765
486053 75987 711565
52177 38369 493504
830431 51328 955433
564038 91467 174968
51572 43634 389305
175618 91795 842293
449639 39256 562276
469148 708 633401
229158 44778 865574
310993 94894 802160
886979 6458 67851
525348 99961 553903
293027 71745 122432
184493 46712 952862
744478 52369 516899
936272 94661 84822
391880 73288 776791
592587 6688 742781
337364 88614 728280
648610 7125 957437
155067 74975 268429
155028 45230 671760
626772 67661 713459
789836 36874 6485
342204 70125 707330
253216 54946 968159
726504 48089 420783
349543 90869 812662
838156 35501 405248
161632 92937 258963
552959 77718 907572
498188 49477 62639
82200 62935 734018
619073 85771 877141
